 6.89 0.0081960 0.0017154 2328.7 1119.3 2276.8 2518.8 0.2093 
 12.33 0.0099146 0.0020719 2332.3 1119.3 2266.2 2514.7 0.20898 
 17.77 0.0099143 0.0020721 2328.7 1119.3 2276.8 2514.8 0.209 
 23.21 0.0099144 0.0020722 2332.4 1119.3 2266.4 2518.7 0.20901 
 28.65 0.0099149 0.0020720 2328.7 1119.2 2266.6 2514.8 0.20898 
 34.09 0.0099144 0.0020723 2332.3 1119.3 2276.8 2518.7 0.20902 
 39.53 0.0099145 0.0020724 2328.7 1119.3 2266.5 2514.8 0.20903 
 44.97 0.0099145 0.0020724 2328.8 1119.3 2276.6 2517.8 0.20902 
 50.41 0.0099142 0.0020720 2286.4 1119.2 2184.0 2445.1 0.20899 
 55.85 0.0099145 0.0020717 2259.1 1119.2 2144.7 2409.9 0.20895 
 61.29 0.0099146 0.0020721 2241.6 1119.3 2120.6 2387.7 0.20899 
 66.73 0.0099144 0.0020719 2226.8 1119.3 2098.5 2368.9 0.20898 
 72.17 0.0099148 0.0020721 2208.3 1119.3 2072.0 2341.5 0.20899 
 77.61 0.0099144 0.0020722 2184.1 1119.3 2035.1 2304.5 0.20901 
 83.05 0.0099144 0.0020716 2158.5 1119.3 1998.9 2266.4 0.20895 
 88.49 0.0099145 0.0020721 2134.1 1119.2 1966.3 2231.5 0.20899 
 93.93 0.0099142 0.0020714 2113.9 1119.3 1938.0 2199.7 0.20893 
 99.37 0.0099149 0.0020714 2093.6 1119.3 1913.2 2171.3 0.20892 
104.81 0.0099145 0.0020715 2075.3 1119.3 1890.9 2145.9 0.20894 
110.25 0.0099148 0.0020717 2058.6 1119.3 1871.2 2124.7 0.20895 
115.69 0.0099145 0.0020715 2043.4 1119.2 1853.1 2103.6 0.20894 
121.13 0.0099145 0.0020710 2029.2 1119.2 1838.3 2084.2 0.20888 
126.57 0.0099143 0.0020713 2016.3 1119.3 1823.1 2066.4 0.20892 
132.01 0.0099148 0.0020717 2004.0 1119.3 1809.5 2049.8 0.20895 
137.45 0.0099147 0.0020713 1993.9 1119.3 1796.8 2034.7 0.20891 
142.89 0.0099148 0.0020715 1983.3 1119.3 1785.3 2020.7 0.20893 
148.33 0.0099145 0.0020720 1973.6 1119.2 1774.6 2008.0 0.20899 
153.77 0.0099141 0.0020712 1964.4 1119.3 1764.8 1997.0 0.20891 
159.21 0.0099144 0.0020716 1955.8 1119.3 1755.6 1985.8 0.20895 
164.65 0.0099147 0.0020707 1947.8 1119.3 1747.7 1975.1 0.20885 
170.09 0.0099145 0.0020712 1940.1 1119.2 1739.5 1965.1 0.20891 
175.53 0.0099146 0.0020715 1932.7 1119.3 1731.7 1955.5 0.20894 
180.97 0.0099145 0.0020713 1926.3 1119.2 1724.3 1946.6 0.20891 
186.41 0.0099145 0.0020708 1919.7 1119.4 1717.4 1938.0 0.20887 
191.85 0.0099146 0.0020714 1913.3 1119.3 1710.8 1929.9 0.20893 
197.29 0.0099145 0.0020716 1907.3 1119.4 1704.5 1922.2 0.20895 
202.73 0.0099148 0.0020710 1901.3 1119.3 1698.5 1915.4 0.20888 
208.17 0.0099143 0.0020710 1895.8 1119.3 1693.2 1908.2 0.20889 
213.61 0.0099145 0.0020711 1890.2 1119.3 1687.7 1901.4 0.20889 
219.05 0.0099145 0.0020704 1885.1 1119.3 1682.4 1894.9 0.20882 
224.49 0.0099146 0.0020713 1880.0 1119.4 1677.2 1888.5 0.20891 
229.93 0.0099147 0.0020709 1875.6 1119.3 1672.3 1882.4 0.20887 
235.37 0.0099143 0.0020708 1870.9 1119.3 1667.6 1876.6 0.20887 
240.81 0.0099140 0.0020712 1866.4 1119.3 1663.1 1871.0 0.20892 
246.25 0.0099145 0.0020714 1862.1 1119.3 1658.7 1866.1 0.20893 
251.69 0.0099144 0.0020707 1857.7 1119.3 1654.5 1860.8 0.20885 
257.13 0.0099140 0.0020709 1853.6 1119.2 1650.8 1855.9 0.20889 
262.57 0.0099141 0.0020712 1849.7 1119.3 1646.9 1850.9 0.20891 
268.01 0.0099147 0.0020706 1845.8 1119.3 1643.1 1846.2 0.20884 
273.45 0.0099144 0.0020708 1842.5 1119.3 1639.4 1841.7 0.20887 
278.89 0.0099141 0.0020710 1838.7 1119.3 1635.9 1837.2 0.2089 
284.33 0.0099148 0.0020709 1835.3 1119.3 1632.3 1832.9 0.20887 
289.77 0.0099143 0.0020708 1831.8 1119.3 1629.0 1829.0 0.20887 
295.22 0.0099145 0.0020712 1828.5 1119.3 1625.7 1825.0 0.20891 
300.65 0.0099143 0.0020710 1825.2 1119.3 1622.9 1821.0 0.20889 
306.11 0.0099140 0.0020706 1822.0 1119.3 1619.7 1817.2 0.20886 
311.55 0.0099147 0.0020710 1818.8 1119.3 1616.6 1813.3 0.20888 
316.99 0.0099146 0.0020707 1815.8 1119.3 1613.6 1809.7 0.20885 
322.43 0.0099145 0.0020714 1813.1 1119.3 1610.8 1806.1 0.20893 
327.87 0.0099144 0.0020710 1810.1 1119.3 1607.9 1802.6 0.20889 
333.31 0.0099144 0.0020710 1807.2 1119.3 1605.2 1799.2 0.20889 
338.75 0.0099143 0.0020713 1804.4 1119.3 1602.4 1796.0 0.20892 
344.19 0.0099144 0.0020709 1801.7 1119.2 1599.8 1792.8 0.20888 
349.63 0.0099144 0.0020710 1798.9 1119.3 1597.5 1789.5 0.20889 
355.07 0.0099146 0.0020706 1796.4 1119.3 1594.8 1786.4 0.20885 
360.52 0.0099144 0.0020711 1793.6 1119.3 1592.5 1783.3 0.2089 
365.95 0.0099144 0.0020712 1791.4 1119.3 1590.0 1780.2 0.2089 
371.39 0.0099143 0.0020705 1788.8 1119.2 1587.6 1777.3 0.20884 
376.83 0.0099145 0.0020710 1786.4 1119.3 1585.2 1774.3 0.20888 
382.27 0.0099145 0.0020713 1783.9 1119.3 1583.0 1771.8 0.20892 
387.71 0.0099143 0.0020709 1781.6 1119.3 1580.6 1768.9 0.20888 
393.15 0.0099146 0.0020708 1779.2 1119.3 1578.6 1766.1 0.20886 
398.59 0.0099142 0.0020705 1776.9 1119.2 1576.4 1763.4 0.20884 
404.03 0.0099146 0.0020708 1774.6 1119.3 1574.3 1760.7 0.20887 
409.48 0.0099145 0.0020707 1772.5 1119.3 1572.2 1758.2 0.20885 
414.91 0.0099142 0.0020709 1770.5 1119.3 1570.1 1755.6 0.20888 
420.35 0.0099146 0.0020710 1768.2 1119.3 1568.0 1753.0 0.20888 
425.80 0.0099143 0.0020709 1766.1 1119.2 1566.0 1750.5 0.20888 
431.24 0.0099143 0.0020709 1764.0 1119.3 1564.0 1748.2 0.20888 
436.68 0.0099145 0.0020708 1761.9 1119.3 1562.3 1745.8 0.20887 
442.12 0.0099145 0.0020711 1759.8 1119.2 1560.4 1743.5 0.2089 
447.56 0.0099143 0.0020712 1757.8 1119.2 1558.4 1741.0 0.20891 
453.00 0.0099143 0.0020709 1755.8 1119.2 1556.6 1738.8 0.20888 
458.44 0.0099147 0.0020707 1754.1 1119.2 1554.7 1736.6 0.20885 
463.88 0.0099143 0.0020710 1752.2 1119.3 1552.9 1734.3 0.20889 
469.32 0.0099140 0.0020705 1750.2 1119.2 1551.1 1732.0 0.20885 
474.76 0.0099143 0.0020709 1748.3 1119.2 1549.4 1730.1 0.20888 
480.20 0.0099147 0.0020707 1746.5 1119.2 1547.6 1727.9 0.20885 
485.64 0.0099144 0.0020713 1744.6 1119.2 1546.2 1725.8 0.20892 
491.08 0.0099146 0.0020708 1742.8 1119.1 1544.5 1723.8 0.20886 
496.52 0.0099148 0.0020708 1741.1 1119.2 1542.8 1721.7 0.20886 
501.96 0.0099146 0.0020713 1739.5 1119.2 1541.2 1719.7 0.20891 
507.40 0.0099145 0.0020713 1737.8 1119.2 1539.6 1717.8 0.20891 
512.84 0.0099146 0.0020710 1736.1 1119.2 1538.0 1715.8 0.20888 
518.28 0.0099146 0.0020705 1734.4 1119.2 1536.5 1714.0 0.20883 
523.72 0.0099149 0.0020711 1732.7 1119.1 1534.9 1712.1 0.20889 
529.16 0.0099145 0.0020711 1731.1 1119.2 1533.5 1710.2 0.2089 
534.60 0.0099143 0.0020711 1729.5 1119.3 1532.1 1708.4 0.2089 
540.04 0.0099144 0.0020706 1727.8 1119.2 1530.6 1706.6 0.20885 
545.48 0.0099144 0.0020711 1726.4 1119.2 1529.1 1704.6 0.2089 
550.92 0.0099142 0.0020715 1724.8 1119.2 1527.7 1702.9 0.20894 
556.36 0.0099145 0.0020712 1723.4 1119.2 1526.3 1701.2 0.20891 
561.80 0.0099144 0.0020710 1721.9 1119.2 1524.8 1699.4 0.20889 
567.24 0.0099145 0.0020710 1720.2 1119.2 1523.5 1697.8 0.20889 
572.67 0.0099141 0.0020706 1718.8 1119.2 1522.2 1696.2 0.20886 
578.12 0.0099145 0.0020708 1717.4 1119.1 1520.8 1694.5 0.20886 
583.56 0.0099143 0.0020709 1715.8 1119.2 1519.6 1692.8 0.20888 
589.00 0.0099148 0.0020709 1714.4 1119.2 1518.2 1691.2 0.20887 
594.44 0.0099148 0.0020713 1713.2 1119.2 1516.8 1689.5 0.20891 
599.88 0.0099147 0.0020709 1711.7 1119.2 1515.6 1687.9 0.20887 
605.32 0.0099144 0.0020708 1710.2 1119.1 1514.3 1686.3 0.20886 
610.76 0.0099143 0.0020704 1709.0 1119.2 1513.0 1684.9 0.20883 
616.20 0.0099143 0.0020709 1707.6 1119.2 1511.8 1683.3 0.20888 
621.64 0.0099141 0.0020708 1706.1 1119.1 1510.7 1681.8 0.20887 
627.08 0.0099145 0.0020711 1704.8 1119.1 1509.4 1680.3 0.2089 
632.52 0.0099143 0.0020712 1703.5 1119.2 1508.2 1678.7 0.20891 
637.96 0.0099147 0.0020709 1702.2 1119.1 1507.1 1677.3 0.20888 
643.40 0.0099146 0.0020709 1701.1 1119.2 1505.8 1675.9 0.20887 
648.84 0.0099145 0.0020708 1699.7 1119.2 1504.7 1674.3 0.20887 
654.28 0.0099145 0.0020709 1698.4 1119.2 1503.5 1673.1 0.20888 
659.72 0.0099144 0.0020707 1697.2 1119.1 1502.3 1671.6 0.20886 
665.16 0.0099148 0.0020712 1695.9 1119.2 1501.3 1670.1 0.20889 
670.60 0.0099145 0.0020705 1694.6 1119.1 1500.2 1668.9 0.20884 
676.04 0.0099146 0.0020710 1693.5 1119.2 1499.0 1667.4 0.20889 
681.48 0.0099144 0.0020711 1692.3 1119.2 1498.0 1666.1 0.2089 
686.92 0.0099146 0.0020708 1691.1 1119.1 1496.9 1664.8 0.20887 
692.36 0.0099144 0.0020710 1690.0 1119.2 1495.8 1663.3 0.20889 
697.80 0.0099145 0.0020710 1688.7 1119.1 1494.7 1662.0 0.20889 
703.24 0.0099139 0.0020708 1687.5 1119.1 1493.6 1660.8 0.20888 
708.68 0.0099143 0.0020706 1686.4 1119.1 1492.6 1659.5 0.20885 
714.12 0.0099140 0.0020713 1685.1 1119.1 1491.6 1658.1 0.20893 
719.56 0.0099146 0.0020708 1684.1 1119.1 1490.6 1656.9 0.20887 
725.00 0.0099142 0.0020710 1682.9 1119.1 1489.5 1655.6 0.20889 
730.44 0.0099148 0.0020710 1681.8 1119.1 1488.6 1654.3 0.20888 
735.88 0.0099148 0.0020711 1680.8 1119.1 1487.4 1653.1 0.20889 
741.32 0.0099149 0.0020708 1679.7 1119.2 1486.4 1651.9 0.20886 
746.76 0.0099141 0.0020708 1678.5 1119.1 1485.5 1650.7 0.20888 
752.20 0.0099143 0.0020708 1677.4 1119.1 1484.5 1649.6 0.20887 
757.64 0.0099144 0.0020707 1676.5 1119.1 1483.5 1648.4 0.20885 
763.08 0.0099140 0.0020710 1675.3 1119.2 1482.7 1647.1 0.20889 
768.52 0.0099144 0.0020709 1674.2 1119.1 1481.7 1645.9 0.20887 
773.96 0.0099147 0.0020710 1673.4 1119.1 1480.7 1644.7 0.20888 
779.40 0.0099143 0.0020707 1672.2 1119.1 1479.7 1643.5 0.20886 
784.84 0.0099144 0.0020710 1671.2 1119.1 1478.9 1642.4 0.20889 
790.28 0.0099145 0.0020708 1670.2 1119.1 1477.9 1641.4 0.20887 
795.72 0.0099142 0.0020708 1669.1 1119.1 1477.0 1640.1 0.20887 
801.16 0.0099145 0.0020711 1668.0 1119.0 1476.2 1639.1 0.20889 
806.60 0.0099144 0.0020708 1667.1 1119.1 1475.2 1637.9 0.20886 
812.04 0.0099144 0.0020712 1666.0 1119.1 1474.3 1636.8 0.20891 
817.48 0.0099143 0.0020714 1665.2 1119.1 1473.5 1635.7 0.20893 
822.92 0.0099141 0.0020710 1664.2 1119.1 1472.5 1634.6 0.20889 
828.36 0.0099148 0.0020710 1663.1 1119.2 1471.7 1633.5 0.20888 
833.80 0.0099149 0.0020710 1662.2 1119.1 1470.8 1632.5 0.20888 
839.24 0.0099147 0.0020710 1661.2 1119.1 1469.9 1631.4 0.20889 
844.68 0.0099146 0.0020707 1660.1 1119.0 1469.1 1630.3 0.20886 
850.12 0.0099146 0.0020711 1659.3 1119.0 1468.1 1629.2 0.20889 
855.56 0.0099143 0.0020709 1658.3 1119.1 1467.4 1628.2 0.20888 
861.00 0.0099146 0.0020712 1657.4 1119.0 1466.5 1627.2 0.2089 
866.44 0.0099148 0.0020704 1656.5 1119.1 1465.7 1626.1 0.20882 
871.88 0.0099144 0.0020710 1655.6 1119.0 1464.8 1625.1 0.20889 
877.32 0.0099145 0.0020710 1654.8 1119.1 1464.0 1624.1 0.20889 
882.76 0.0099143 0.0020709 1653.7 1119.1 1463.2 1623.1 0.20888 
888.20 0.0099150 0.0020710 1652.9 1119.0 1462.3 1622.1 0.20887 
893.64 0.0099149 0.0020710 1651.8 1119.1 1461.6 1621.0 0.20888 
899.08 0.0099145 0.0020709 1651.0 1119.0 1460.8 1620.2 0.20887 
904.52 0.0099148 0.0020714 1650.1 1119.0 1460.0 1619.1 0.20892 
909.96 0.0099146 0.0020710 1649.3 1119.0 1459.3 1618.2 0.20888 
915.40 0.0099141 0.0020712 1648.4 1119.0 1458.4 1617.2 0.20891 
920.84 0.0099144 0.0020710 1647.5 1119.1 1457.6 1616.1 0.20889 
926.28 0.0099145 0.0020712 1646.6 1119.0 1456.9 1615.4 0.20891 
931.72 0.0099145 0.0020707 1645.9 1119.0 1456.0 1614.4 0.20886 
937.16 0.0099147 0.0020710 1645.0 1119.1 1455.3 1613.3 0.20889 
942.60 0.0099145 0.0020707 1644.0 1119.0 1454.6 1612.5 0.20885 
948.04 0.0099144 0.0020707 1643.2 1119.0 1453.7 1611.5 0.20885 
953.48 0.0099144 0.0020708 1642.3 1119.0 1453.1 1610.5 0.20887 
958.92 0.0099147 0.0020706 1641.5 1119.0 1452.3 1609.6 0.20885 
964.36 0.0099145 0.0020709 1640.8 1119.0 1451.5 1608.7 0.20887 
969.80 0.0099144 0.0020714 1639.8 1119.0 1450.8 1607.8 0.20893 
975.25 0.0099145 0.0020713 1639.1 1119.0 1450.0 1607.0 0.20891 
980.68 0.0099144 0.0020710 1638.2 1119.0 1449.3 1606.0 0.20889 
986.12 0.0099143 0.0020710 1637.4 1118.9 1448.7 1605.1 0.2089 
991.56 0.0099143 0.0020708 1636.6 1119.0 1447.9 1604.3 0.20887 
997.00 0.0099142 0.0020711 1635.8 1119.0 1447.1 1603.3 0.2089 
1002.44 0.0099146 0.0020710 1635.0 1118.9 1446.5 1602.4 0.20889
 
